sigma_p = 0.010000;
sigma_q = 0.010000;
sigma_eta = 0.050000;
sigma_epsilon = 0.050000;
sigma_omega = 0.050000;
size = 1000;
delta = 0.010000;
float quat[4000] = {
,
+0.977706,+0.104247,+0.073099,-0.022458,
+0.950604,-0.003293,-0.019255,+0.003237,
+1.044655,+0.043675,-0.041860,+0.006505,
+0.968592,+0.097722,+0.064720,+0.025177,
+1.103036,+0.044213,+0.096178,-0.048098,
+1.075351,+0.134010,+0.013952,+0.035156,
+1.065585,+0.133521,-0.090790,+0.018636,
+1.021091,+0.130401,+0.061577,-0.015117,
+1.040301,+0.141595,+0.042265,-0.017516,
+1.034268,+0.087291,-0.005640,+0.031891,
+1.076627,+0.040454,-0.046229,+0.021642,
+0.967174,+0.061443,-0.039150,+0.093574,
+0.967433,+0.154142,+0.017421,+0.009887,
+0.968860,+0.018339,+0.045990,+0.099186,
+1.001389,+0.036549,+0.020077,-0.054683,
+0.922134,+0.125929,+0.105049,+0.039933,
+0.856302,+0.093121,+0.071390,+0.028765,
+0.987338,+0.118911,+0.048886,-0.001460,
+0.947150,+0.096545,+0.101625,+0.032825,
+1.009721,+0.122696,+0.073760,+0.076074,
+1.094932,+0.113504,+0.073338,+0.115491,
+0.974510,+0.239183,+0.082342,-0.006496,
+0.966139,+0.115011,+0.026050,+0.046658,
+0.923068,+0.075485,+0.107130,-0.083759,
+1.041340,+0.234711,+0.101178,-0.053085,
+0.927680,+0.138210,+0.076571,-0.030835,
+0.992880,+0.236561,+0.055413,-0.046168,
+0.944747,+0.127507,+0.078727,+0.083837,
+1.083340,+0.161555,+0.043266,-0.025204,
+0.959597,+0.144034,+0.075690,+0.097255,
+0.998081,+0.190839,+0.108728,+0.021809,
+1.037754,+0.183694,+0.084019,+0.073791,
+0.919743,+0.272641,+0.152218,-0.084116,
+0.964017,+0.187798,+0.080195,+0.095422,
+0.913212,+0.246026,+0.125287,-0.015805,
+0.930425,+0.295398,+0.167141,+0.005590,
+0.949781,+0.319533,+0.163491,-0.032820,
+0.905016,+0.313546,+0.143643,+0.050083,
+0.989060,+0.293216,+0.117908,+0.010321,
+0.971100,+0.364893,+0.081715,+0.002731,
+0.839963,+0.327544,+0.177467,-0.049168,
+0.910398,+0.259265,+0.193890,+0.022097,
+0.873676,+0.318087,+0.125968,+0.044342,
+0.892864,+0.253314,+0.161489,+0.026119,
+0.951716,+0.290396,+0.198915,+0.003595,
+0.959507,+0.401575,+0.116157,+0.008335,
+0.910392,+0.359352,+0.106609,+0.034752,
+0.913940,+0.360606,+0.169240,+0.000429,
+0.820995,+0.311879,+0.172315,+0.048235,
+0.917793,+0.374239,+0.200964,-0.042526,
+0.898025,+0.443004,+0.262878,+0.004366,
+0.987444,+0.373077,+0.134239,+0.076601,
+0.889070,+0.386513,+0.140553,+0.046402,
+0.976140,+0.436020,+0.178592,+0.035824,
+0.901063,+0.331324,+0.168539,+0.031882,
+0.867366,+0.528821,+0.240383,+0.022947,
+0.890876,+0.404273,+0.257091,+0.042610,
+0.916767,+0.353441,+0.136963,-0.000071,
+0.895805,+0.452770,+0.188871,+0.087745,
+0.953934,+0.467268,+0.187778,-0.071779,
+0.889262,+0.484642,+0.245159,-0.031075,
+0.839552,+0.525499,+0.154777,+0.117502,
+0.823341,+0.436521,+0.307084,+0.035968,
+0.954214,+0.446988,+0.223625,-0.016981,
+0.873953,+0.584983,+0.289249,-0.010981,
+0.822740,+0.471804,+0.211605,+0.089519,
+0.863649,+0.391298,+0.251563,-0.029732,
+0.721358,+0.564260,+0.270543,+0.066634,
+0.801531,+0.589149,+0.336844,-0.004651,
+0.915879,+0.589310,+0.263784,-0.015327,
+0.778917,+0.518463,+0.229494,+0.054789,
+0.865560,+0.486451,+0.229256,+0.159917,
+0.810188,+0.551064,+0.246740,+0.014596,
+0.765814,+0.557621,+0.212020,+0.051864,
+0.815552,+0.499571,+0.225693,+0.037038,
+0.769156,+0.460677,+0.218620,+0.097577,
+0.889672,+0.545029,+0.250998,+0.040631,
+0.829004,+0.529781,+0.297509,+0.084051,
+0.827563,+0.553823,+0.248478,+0.051457,
+0.751570,+0.507588,+0.240862,+0.156558,
+0.874781,+0.623027,+0.269490,+0.146009,
+0.739760,+0.638937,+0.280081,+0.090871,
+0.727062,+0.567165,+0.333798,+0.072491,
+0.779156,+0.655226,+0.339111,+0.012880,
+0.769893,+0.658479,+0.261068,-0.015680,
+0.764264,+0.631744,+0.320614,-0.004432,
+0.721980,+0.528820,+0.367255,+0.124705,
+0.812482,+0.599768,+0.278033,+0.033414,
+0.745568,+0.518119,+0.289860,+0.082006,
+0.755456,+0.553260,+0.311768,+0.106442,
+0.673901,+0.593879,+0.327845,+0.104132,
+0.701734,+0.708779,+0.387809,+0.116052,
+0.659839,+0.578865,+0.277371,+0.011701,
+0.754202,+0.636939,+0.308317,+0.017030,
+0.735390,+0.626412,+0.282980,+0.104624,
+0.607417,+0.603371,+0.241099,+0.086649,
+0.816067,+0.641709,+0.269588,+0.046185,
+0.679452,+0.626391,+0.309293,+0.208825,
+0.699364,+0.616852,+0.224329,+0.108651,
+0.619574,+0.578376,+0.271335,+0.092678,
+0.549848,+0.730923,+0.295198,+0.081488,
+0.666955,+0.719201,+0.267558,+0.054126,
+0.691473,+0.676035,+0.372556,+0.121962,
+0.557418,+0.733632,+0.371136,+0.178133,
+0.667805,+0.674502,+0.382821,+0.032797,
+0.605185,+0.702096,+0.308353,+0.114273,
+0.664582,+0.739465,+0.270833,+0.104283,
+0.609384,+0.813033,+0.254063,+0.080542,
+0.561650,+0.684331,+0.380607,+0.092331,
+0.530774,+0.740017,+0.288954,+0.215309,
+0.542735,+0.784556,+0.335063,+0.132666,
+0.647607,+0.848964,+0.356933,+0.150542,
+0.566495,+0.742823,+0.321063,+0.141914,
+0.575891,+0.763231,+0.305937,+0.073738,
+0.527207,+0.804890,+0.303555,+0.168804,
+0.526963,+0.762075,+0.305581,+0.163687,
+0.541778,+0.685456,+0.401019,+0.067734,
+0.481097,+0.841427,+0.289557,+0.034272,
+0.605257,+0.794668,+0.348070,+0.184563,
+0.539607,+0.804816,+0.325743,+0.103921,
+0.549746,+0.822127,+0.301028,+0.096032,
+0.411927,+0.831938,+0.430873,+0.135840,
+0.471596,+0.820201,+0.332196,+0.151491,
+0.531894,+0.810241,+0.308785,+0.100327,
+0.466868,+0.823623,+0.356201,+0.228906,
+0.439861,+0.761316,+0.350158,+0.163807,
+0.462130,+0.865708,+0.345336,+0.156157,
+0.399663,+0.792409,+0.280930,+0.094467,
+0.476481,+0.917702,+0.351918,+0.110715,
+0.345892,+0.828309,+0.383159,+0.135011,
+0.382993,+0.760680,+0.388409,+0.165910,
+0.527971,+0.908661,+0.357155,+0.123865,
+0.437509,+0.885088,+0.333755,+0.091296,
+0.448136,+0.779423,+0.347646,+0.188724,
+0.453727,+0.830211,+0.354327,+0.191879,
+0.364680,+0.880900,+0.352859,+0.205706,
+0.326892,+0.897768,+0.267283,+0.197567,
+0.492457,+0.915456,+0.387150,+0.066359,
+0.378511,+0.841928,+0.344835,+0.180494,
+0.400434,+0.802401,+0.294783,+0.230996,
+0.302076,+0.828430,+0.367196,+0.239334,
+0.328785,+0.884642,+0.352301,+0.252616,
+0.305146,+0.837605,+0.262457,+0.253355,
+0.382411,+0.868572,+0.343473,+0.200135,
+0.301171,+0.982143,+0.335059,+0.105898,
+0.187754,+0.833832,+0.327665,+0.206237,
+0.403139,+0.916545,+0.291633,+0.140356,
+0.327049,+0.919557,+0.296990,+0.162545,
+0.274049,+0.924230,+0.201786,+0.096995,
+0.293407,+0.898742,+0.294831,+0.243407,
+0.210717,+0.823989,+0.371473,+0.142406,
+0.161304,+0.882874,+0.340226,+0.145518,
+0.252349,+0.856075,+0.282245,+0.251664,
+0.195406,+0.830932,+0.375199,+0.287629,
+0.152117,+0.877593,+0.252483,+0.126359,
+0.208409,+1.001735,+0.356432,+0.214273,
+0.205478,+0.917433,+0.322149,+0.165694,
+0.174376,+1.013858,+0.326493,+0.272869,
+0.176774,+0.908637,+0.333523,+0.182214,
+0.215462,+0.891862,+0.314931,+0.150459,
+0.235333,+0.841896,+0.220667,+0.275944,
+0.088379,+0.927003,+0.356762,+0.250508,
+0.096823,+0.968207,+0.235355,+0.218261,
+0.125393,+0.897071,+0.244734,+0.153557,
+0.141107,+0.841158,+0.311712,+0.287235,
+0.067117,+0.959181,+0.281980,+0.204455,
+0.251287,+0.964604,+0.314350,+0.172318,
+0.132732,+0.933899,+0.270868,+0.133315,
+0.187811,+0.894126,+0.288423,+0.211776,
+0.162215,+0.946860,+0.286958,+0.153289,
+0.050858,+0.996951,+0.210411,+0.192791,
+0.146996,+0.929511,+0.293263,+0.162173,
+0.028193,+0.971589,+0.279475,+0.215088,
+0.101597,+1.002573,+0.200804,+0.194742,
+0.062128,+0.897592,+0.332698,+0.236868,
+0.068370,+0.955415,+0.293354,+0.187062,
+0.127947,+0.978889,+0.259169,+0.223594,
-0.064482,+0.936336,+0.321609,+0.267186,
+0.034788,+0.879061,+0.298692,+0.199234,
-0.038234,+0.910559,+0.264122,+0.224698,
-0.146649,+0.875395,+0.329801,+0.265997,
-0.029406,+1.019682,+0.272284,+0.294423,
-0.008357,+0.784994,+0.342815,+0.224194,
+0.026089,+0.951653,+0.286406,+0.283960,
-0.071389,+0.920613,+0.344570,+0.256289,
+0.032874,+0.865690,+0.297439,+0.223372,
+0.040992,+0.972767,+0.149869,+0.261304,
+0.016712,+0.872616,+0.241307,+0.234314,
-0.070502,+0.882021,+0.307753,+0.255105,
-0.062462,+0.955014,+0.149688,+0.268104,
-0.178310,+0.880404,+0.321868,+0.220198,
-0.039074,+0.985760,+0.245764,+0.170985,
-0.022968,+0.967861,+0.279969,+0.234859,
-0.145781,+0.877320,+0.222520,+0.244400,
-0.155017,+0.938558,+0.239690,+0.259909,
-0.048642,+0.908907,+0.315863,+0.298121,
-0.162283,+0.958361,+0.197808,+0.257433,
-0.075048,+0.902978,+0.224556,+0.155896,
-0.142184,+0.919369,+0.240487,+0.254714,
-0.186154,+0.928292,+0.304772,+0.261690,
-0.092042,+0.876554,+0.250677,+0.191079,
-0.070018,+0.917613,+0.256745,+0.266156,
-0.181079,+0.993806,+0.190096,+0.249558,
-0.164487,+0.850522,+0.271480,+0.330370,
-0.208108,+0.981936,+0.259921,+0.193015,
-0.108901,+0.925506,+0.149691,+0.313392,
-0.145625,+0.924959,+0.319284,+0.263298,
-0.263404,+0.854329,+0.165603,+0.270943,
-0.214550,+0.959262,+0.191064,+0.283069,
-0.197789,+1.033613,+0.160974,+0.186880,
-0.146288,+0.843520,+0.242357,+0.219958,
-0.146264,+0.888158,+0.181088,+0.331832,
-0.314385,+0.887876,+0.266192,+0.226504,
-0.226269,+1.006930,+0.286960,+0.204399,
-0.305260,+0.903525,+0.249710,+0.225999,
-0.232098,+0.840832,+0.150942,+0.283478,
-0.284966,+0.841811,+0.123449,+0.184118,
-0.317759,+0.800434,+0.229452,+0.221293,
-0.367091,+0.940347,+0.192044,+0.293976,
-0.286560,+0.841912,+0.172170,+0.304673,
-0.404911,+0.892885,+0.135452,+0.240637,
-0.189396,+0.902282,+0.234902,+0.287724,
-0.290480,+0.864183,+0.119580,+0.291573,
-0.303322,+0.911401,+0.186450,+0.306451,
-0.262618,+0.894825,+0.168528,+0.221514,
-0.385025,+0.813697,+0.185152,+0.179341,
-0.356995,+0.883167,+0.192556,+0.396457,
-0.363611,+0.848880,+0.231343,+0.230611,
-0.373547,+0.956297,+0.229967,+0.288396,
-0.362555,+0.880318,+0.081639,+0.302628,
-0.362702,+0.886983,+0.197915,+0.240533,
-0.383642,+0.904789,+0.079134,+0.238478,
-0.404818,+0.786907,+0.059035,+0.250883,
-0.369729,+0.821921,+0.105056,+0.332606,
-0.405994,+0.852635,+0.151251,+0.255574,
-0.426314,+0.901393,+0.122929,+0.282624,
-0.414130,+0.825139,+0.172820,+0.256343,
-0.374789,+0.751979,+0.099764,+0.316886,
-0.427717,+0.853950,+0.035738,+0.253464,
-0.472295,+0.856288,+0.150208,+0.224829,
-0.457512,+0.882575,+0.041360,+0.291529,
-0.385873,+0.807852,+0.080976,+0.390227,
-0.416749,+0.890071,+0.078379,+0.310750,
-0.504372,+0.802359,+0.095769,+0.201955,
-0.509733,+0.818833,+0.064102,+0.276150,
-0.481760,+0.820722,+0.170696,+0.234326,
-0.577447,+0.872990,+0.095828,+0.223648,
-0.557701,+0.840045,+0.162362,+0.244040,
-0.566903,+0.790512,+0.024381,+0.255531,
-0.503672,+0.713617,+0.072757,+0.235498,
-0.652526,+0.795931,+0.041153,+0.231391,
-0.442099,+0.859912,+0.034745,+0.189601,
-0.617046,+0.798974,-0.015800,+0.312860,
-0.510588,+0.772527,-0.055924,+0.228771,
-0.624366,+0.772959,+0.068235,+0.251066,
-0.518198,+0.713538,-0.009739,+0.263892,
-0.552012,+0.812640,-0.074267,+0.206962,
-0.567964,+0.750424,+0.067127,+0.273768,
-0.554665,+0.733165,+0.060833,+0.240642,
-0.615839,+0.840713,+0.094961,+0.162214,
-0.635803,+0.713363,-0.022329,+0.295566,
-0.598313,+0.813343,-0.052319,+0.260094,
-0.627140,+0.654882,-0.037456,+0.203257,
-0.555579,+0.780032,-0.037763,+0.231483,
-0.565397,+0.702402,-0.035516,+0.290991,
-0.611137,+0.694686,-0.047708,+0.225491,
-0.633200,+0.726427,+0.028867,+0.192262,
-0.571575,+0.752840,+0.021054,+0.233433,
-0.607487,+0.734866,-0.070807,+0.217076,
-0.746237,+0.681231,-0.085128,+0.292137,
-0.763900,+0.692097,+0.016951,+0.206477,
-0.679212,+0.684675,-0.046351,+0.191952,
-0.655720,+0.756893,-0.045950,+0.230930,
-0.631023,+0.728178,-0.008992,+0.259594,
-0.660986,+0.668278,-0.212681,+0.164111,
-0.746660,+0.721861,+0.033786,+0.278052,
-0.638466,+0.845223,-0.187978,+0.172294,
-0.700666,+0.670813,-0.024418,+0.187795,
-0.697337,+0.683507,-0.091806,+0.154474,
-0.767628,+0.727656,-0.057011,+0.199023,
-0.702171,+0.762947,-0.029284,+0.146651,
-0.837717,+0.712132,-0.094767,+0.212946,
-0.703039,+0.630425,-0.102358,+0.177842,
-0.735997,+0.526263,-0.183981,+0.186137,
-0.763469,+0.613499,-0.057427,+0.130941,
-0.741790,+0.684806,-0.089338,+0.138557,
-0.772018,+0.631651,-0.084345,+0.191130,
-0.718734,+0.662571,-0.133479,+0.154355,
-0.787653,+0.584472,-0.140892,+0.156623,
-0.771238,+0.527548,+0.002187,+0.190490,
-0.707559,+0.584617,-0.116882,+0.191423,
-0.754289,+0.582835,-0.183026,+0.152754,
-0.725467,+0.541008,-0.095391,+0.232552,
-0.795036,+0.554277,-0.183941,+0.176094,
-0.770452,+0.544834,-0.166404,+0.209196,
-0.796116,+0.644381,-0.024480,+0.223714,
-0.824579,+0.524300,-0.085948,+0.204058,
-0.780144,+0.573068,-0.130095,+0.155907,
-0.886112,+0.605592,-0.070400,+0.150017,
-0.808119,+0.625814,-0.158561,+0.248186,
-0.835360,+0.494117,-0.232061,+0.170226,
-0.758637,+0.502147,-0.072343,+0.091073,
-0.840411,+0.554696,-0.130291,+0.162490,
-0.864836,+0.593535,-0.199598,+0.150601,
-0.862894,+0.554326,-0.152161,+0.169128,
-0.834880,+0.510770,-0.154400,+0.077196,
-0.820671,+0.637048,-0.195138,+0.104177,
-0.850573,+0.551768,-0.155942,+0.143026,
-0.918623,+0.520844,-0.194742,+0.143372,
-0.872574,+0.512859,-0.249111,+0.090116,
-0.812952,+0.502958,-0.140355,+0.099582,
-0.811717,+0.511012,-0.242874,+0.165902,
-0.911849,+0.507044,-0.178199,+0.126794,
-0.752439,+0.529871,-0.171053,+0.074101,
-0.858753,+0.469437,-0.180443,+0.062535,
-0.884700,+0.445772,-0.256057,+0.158217,
-0.901243,+0.427781,-0.192354,+0.090563,
-0.874206,+0.376948,-0.175045,+0.112434,
-0.869370,+0.439583,-0.275169,+0.152487,
-0.877834,+0.446215,-0.147936,-0.005041,
-0.889224,+0.433273,-0.231309,+0.093800,
-0.807378,+0.374348,-0.277522,+0.032978,
-0.925535,+0.460597,-0.286675,+0.065269,
-0.837994,+0.455133,-0.213368,+0.021444,
-0.906548,+0.401091,-0.300948,+0.099929,
-0.880936,+0.387873,-0.313164,+0.081408,
-0.788620,+0.441648,-0.245607,+0.134812,
-0.931532,+0.433380,-0.319273,+0.125271,
-0.893945,+0.298216,-0.224908,+0.038053,
-0.836345,+0.355828,-0.243486,+0.111792,
-0.987863,+0.407019,-0.315623,+0.127299,
-0.947057,+0.404324,-0.161208,+0.077678,
-0.898585,+0.406380,-0.296145,+0.122063,
-0.855781,+0.394368,-0.282124,+0.124897,
-0.839065,+0.356983,-0.354007,+0.107257,
-1.037309,+0.377618,-0.258779,+0.024674,
-0.829883,+0.310927,-0.275387,+0.024386,
-0.909881,+0.327292,-0.319076,+0.083292,
-0.945727,+0.404358,-0.312930,-0.093567,
-0.924040,+0.228564,-0.313710,+0.105675,
-0.951257,+0.268918,-0.340878,-0.026112,
-0.940015,+0.260534,-0.365066,+0.107127,
-0.877210,+0.345829,-0.267058,+0.081609,
-0.905426,+0.218800,-0.379559,+0.017929,
-0.892564,+0.193834,-0.315524,+0.033336,
-0.897992,+0.344547,-0.299845,+0.024739,
-0.916787,+0.205425,-0.410242,+0.080891,
-1.021925,+0.274813,-0.236270,+0.003640,
-0.893696,+0.184472,-0.376568,+0.001788,
-0.858595,+0.262358,-0.323863,+0.094815,
-0.914977,+0.158127,-0.345873,-0.066222,
-0.963228,+0.097302,-0.360553,+0.004082,
-0.860739,+0.193795,-0.432204,-0.039762,
-0.945245,+0.033852,-0.343219,-0.075813,
-0.940087,+0.147788,-0.279980,+0.053085,
-0.909355,+0.218578,-0.439210,-0.007794,
-0.886455,+0.141902,-0.404989,-0.045122,
-0.959886,+0.125130,-0.391732,-0.052695,
-0.900500,+0.171761,-0.359352,-0.037381,
-0.965844,+0.114182,-0.318412,+0.029392,
-0.902546,+0.099760,-0.413380,-0.033008,
-1.022156,+0.208874,-0.378719,+0.035287,
-0.872052,+0.188604,-0.321227,-0.025837,
-0.840596,+0.072558,-0.372082,-0.074571,
-0.945510,+0.134871,-0.377727,-0.107268,
-0.900403,+0.133162,-0.454098,-0.020174,
-0.866842,+0.166308,-0.388058,-0.030444,
-0.914856,+0.090454,-0.359715,-0.080428,
-0.932330,+0.033353,-0.345697,-0.083857,
-0.842679,+0.118647,-0.404056,-0.033991,
-0.952753,+0.086892,-0.454197,-0.092279,
-0.890374,+0.113632,-0.344163,-0.043103,
-0.869736,+0.031366,-0.430534,-0.106412,
-0.935134,-0.000118,-0.428924,-0.085041,
-0.872247,+0.042516,-0.367758,-0.135747,
-0.926706,+0.059553,-0.388083,-0.065220,
-0.986653,+0.039654,-0.407725,-0.051622,
-0.901500,+0.007413,-0.328426,-0.110255,
-0.886802,+0.009683,-0.437602,+0.003786,
-0.903693,+0.059114,-0.406694,-0.140368,
-0.916523,+0.031079,-0.389828,-0.186886,
-0.868239,-0.049238,-0.420182,-0.071921,
-0.881605,+0.019669,-0.368599,-0.167618,
-0.860761,+0.001113,-0.327451,-0.064125,
-0.920484,+0.004480,-0.485021,-0.144982,
-0.916713,-0.010881,-0.416668,-0.062276,
-0.911093,-0.041053,-0.456693,-0.177379,
-0.917790,-0.145246,-0.436327,-0.066895,
-0.837502,-0.074694,-0.418163,-0.026315,
-0.824571,-0.063149,-0.403363,-0.207505,
-0.879014,-0.095182,-0.370746,-0.149016,
-0.839658,-0.125741,-0.424177,-0.159968,
-0.893329,-0.107402,-0.484827,-0.174511,
-0.783105,-0.059747,-0.388387,-0.120058,
-0.878511,-0.098534,-0.346395,-0.167498,
-0.848266,-0.159947,-0.452066,-0.102499,
-0.890293,-0.157540,-0.428893,-0.215777,
-0.867549,-0.038904,-0.490634,-0.230431,
-0.892627,-0.139950,-0.479129,-0.251744,
-0.846841,-0.091130,-0.472252,-0.221703,
-0.828619,-0.227376,-0.389979,-0.192984,
-0.881870,-0.131214,-0.370927,-0.105189,
-0.905035,-0.213040,-0.434499,-0.161563,
-0.779105,-0.105815,-0.448440,-0.188529,
-0.785790,-0.181087,-0.391685,-0.177684,
-0.847442,-0.259856,-0.431040,-0.256396,
-0.835950,-0.173792,-0.448786,-0.131719,
-0.835654,-0.191067,-0.470775,-0.289509,
-0.855285,-0.243445,-0.515990,-0.229957,
-0.882466,-0.212467,-0.495473,-0.203304,
-0.796109,-0.190505,-0.504437,-0.278797,
-0.847069,-0.252319,-0.465366,-0.199413,
-0.899962,-0.263482,-0.450724,-0.262246,
-0.818242,-0.274864,-0.447708,-0.232353,
-0.838230,-0.283800,-0.395794,-0.196350,
-0.888620,-0.225973,-0.465456,-0.268062,
-0.755602,-0.286268,-0.408750,-0.321455,
-0.765933,-0.332506,-0.465958,-0.153161,
-0.781565,-0.191688,-0.447789,-0.220533,
-0.837638,-0.222784,-0.432090,-0.251496,
-0.801074,-0.298980,-0.472312,-0.157286,
-0.817097,-0.367355,-0.420452,-0.193161,
-0.818840,-0.178626,-0.489629,-0.196841,
-0.747567,-0.366298,-0.472962,-0.304113,
-0.689552,-0.313037,-0.594092,-0.242819,
-0.760379,-0.315554,-0.400229,-0.274305,
-0.789687,-0.373929,-0.474583,-0.214264,
-0.823448,-0.317689,-0.462515,-0.325026,
-0.774269,-0.391163,-0.474786,-0.279456,
-0.695987,-0.362471,-0.414132,-0.280950,
-0.793994,-0.401715,-0.451965,-0.310108,
-0.712688,-0.338949,-0.454962,-0.274278,
-0.668656,-0.400437,-0.434859,-0.257695,
-0.792313,-0.322191,-0.459833,-0.267025,
-0.773996,-0.382101,-0.454548,-0.326084,
-0.788983,-0.407142,-0.368358,-0.185251,
-0.685712,-0.404874,-0.470935,-0.231084,
-0.751819,-0.425317,-0.374285,-0.337207,
-0.761644,-0.433460,-0.421734,-0.273808,
-0.771261,-0.500214,-0.482137,-0.314333,
-0.717773,-0.472417,-0.498854,-0.333420,
-0.691460,-0.412288,-0.566834,-0.207958,
-0.709982,-0.465550,-0.390727,-0.236279,
-0.596124,-0.458569,-0.499040,-0.341490,
-0.675706,-0.547047,-0.424976,-0.385205,
-0.611297,-0.421371,-0.358032,-0.306427,
-0.695571,-0.471854,-0.478849,-0.406392,
-0.624574,-0.482097,-0.459039,-0.416043,
-0.685425,-0.475640,-0.545165,-0.407372,
-0.695590,-0.635363,-0.463301,-0.370617,
-0.702289,-0.423758,-0.341101,-0.349228,
-0.625033,-0.613304,-0.424949,-0.336119,
-0.551762,-0.526177,-0.523815,-0.337575,
-0.587901,-0.485167,-0.382195,-0.301106,
-0.649496,-0.559843,-0.443078,-0.398286,
-0.637742,-0.492839,-0.482265,-0.328483,
-0.639452,-0.573439,-0.463003,-0.397938,
-0.595191,-0.625417,-0.421368,-0.334365,
-0.581567,-0.475580,-0.405959,-0.392641,
-0.462274,-0.543371,-0.459604,-0.380691,
-0.599305,-0.610291,-0.400504,-0.343846,
-0.541386,-0.611916,-0.409850,-0.405570,
-0.522130,-0.653120,-0.459425,-0.381468,
-0.576271,-0.559289,-0.494273,-0.410120,
-0.536170,-0.466823,-0.327484,-0.425934,
-0.536976,-0.593837,-0.396928,-0.485168,
-0.599599,-0.553993,-0.383296,-0.437833,
-0.550876,-0.574378,-0.470160,-0.347071,
-0.551094,-0.637133,-0.450159,-0.402619,
-0.533212,-0.597460,-0.488460,-0.389203,
-0.502237,-0.548882,-0.390915,-0.369888,
-0.585063,-0.633973,-0.360665,-0.403272,
-0.504300,-0.656290,-0.402731,-0.450115,
-0.551671,-0.489790,-0.423081,-0.551010,
-0.552645,-0.602419,-0.388808,-0.482026,
-0.456970,-0.670506,-0.441916,-0.403165,
-0.476301,-0.608716,-0.363868,-0.417855,
-0.496474,-0.631714,-0.360668,-0.393590,
-0.503722,-0.541480,-0.458908,-0.363839,
-0.476840,-0.626350,-0.413192,-0.362241,
-0.476162,-0.653780,-0.431797,-0.372431,
-0.511223,-0.667357,-0.431842,-0.338481,
-0.441042,-0.688866,-0.283647,-0.362993,
-0.399336,-0.762363,-0.369702,-0.420351,
-0.469535,-0.813036,-0.379800,-0.387282,
-0.405153,-0.643360,-0.376523,-0.383164,
-0.537583,-0.697912,-0.259134,-0.470200,
-0.400257,-0.677803,-0.357591,-0.460156,
-0.412994,-0.702267,-0.418947,-0.408696,
-0.327218,-0.680916,-0.389987,-0.465800,
-0.407615,-0.637801,-0.386315,-0.489965,
-0.482547,-0.769835,-0.358528,-0.510487,
-0.411065,-0.794285,-0.393141,-0.352668,
-0.334963,-0.601381,-0.307739,-0.542396,
-0.356558,-0.702280,-0.330626,-0.496073,
-0.344752,-0.688617,-0.342224,-0.436987,
-0.458288,-0.691726,-0.453418,-0.437247,
-0.418479,-0.775237,-0.316021,-0.442514,
-0.326869,-0.755375,-0.322169,-0.465089,
-0.305955,-0.678869,-0.364875,-0.388806,
-0.368284,-0.728711,-0.394078,-0.438412,
-0.289797,-0.763638,-0.284043,-0.461617,
-0.313877,-0.696359,-0.319628,-0.433748,
-0.289403,-0.633930,-0.307515,-0.496396,
-0.402383,-0.773252,-0.289819,-0.410104,
-0.318277,-0.773060,-0.352966,-0.427210,
-0.300075,-0.710539,-0.263782,-0.412868,
-0.213097,-0.758130,-0.265627,-0.582552,
-0.331274,-0.819247,-0.336403,-0.466621,
-0.220611,-0.810153,-0.379396,-0.424547,
-0.261342,-0.875461,-0.289202,-0.450368,
-0.293951,-0.765009,-0.301018,-0.444872,
-0.214766,-0.735960,-0.262444,-0.447990,
-0.282406,-0.768106,-0.366088,-0.543328,
-0.303299,-0.816008,-0.381275,-0.432493,
-0.292800,-0.792897,-0.217978,-0.453654,
-0.207826,-0.758207,-0.270888,-0.403958,
-0.218235,-0.862467,-0.233550,-0.493082,
-0.191010,-0.829932,-0.314023,-0.450465,
-0.258304,-0.787053,-0.242333,-0.474787,
-0.195241,-0.816586,-0.366538,-0.498031,
-0.223163,-0.804750,-0.254505,-0.406195,
-0.085411,-0.842976,-0.231853,-0.477914,
-0.219321,-0.854626,-0.233430,-0.470683,
-0.097301,-0.826404,-0.236861,-0.456571,
-0.115709,-0.916045,-0.237652,-0.403156,
-0.151539,-0.900907,-0.240949,-0.517333,
-0.159851,-0.852512,-0.259487,-0.377899,
-0.063031,-0.875398,-0.243373,-0.420475,
-0.073604,-0.827790,-0.215073,-0.417129,
-0.063311,-0.764963,-0.268243,-0.443167,
-0.171789,-0.824371,-0.155417,-0.432029,
-0.167733,-0.834941,-0.235048,-0.442162,
-0.045928,-0.791014,-0.208637,-0.540778,
-0.154161,-0.877419,-0.266694,-0.412206,
-0.151976,-0.827004,-0.209268,-0.431605,
-0.096305,-0.909896,-0.231951,-0.453315,
-0.042878,-0.903993,-0.171165,-0.413188,
-0.079979,-0.903696,-0.247619,-0.473201,
-0.034939,-0.882397,-0.215682,-0.418423,
-0.032357,-0.828210,-0.180101,-0.541820,
-0.095674,-0.827542,-0.270177,-0.468091,
+0.057281,-0.914645,-0.180040,-0.513461,
+0.025257,-0.941053,-0.262807,-0.463491,
+0.063239,-0.857781,-0.217118,-0.437948,
-0.037546,-0.771230,-0.136528,-0.550974,
-0.052701,-0.935030,-0.129733,-0.459975,
+0.059772,-0.793073,-0.153748,-0.448087,
+0.015765,-0.890901,-0.155662,-0.521187,
-0.054438,-0.950995,-0.188419,-0.527185,
+0.093765,-0.827400,-0.194960,-0.519248,
-0.001438,-0.803846,-0.120081,-0.449569,
+0.093136,-0.934221,-0.110435,-0.442665,
+0.065929,-0.846785,-0.057731,-0.542082,
+0.033449,-0.889476,-0.080354,-0.497683,
+0.040095,-0.953476,-0.191631,-0.423158,
+0.095385,-0.914751,-0.169799,-0.453468,
+0.129532,-0.831767,-0.106930,-0.444990,
+0.095166,-0.865710,-0.111741,-0.536234,
+0.093693,-0.883491,-0.124922,-0.465032,
+0.123659,-0.861021,-0.149557,-0.393154,
+0.195179,-0.862218,-0.081983,-0.458042,
+0.185325,-0.901537,-0.055290,-0.462465,
+0.132296,-0.841503,-0.174862,-0.414179,
+0.198085,-0.924273,-0.185199,-0.428206,
+0.109003,-0.846790,-0.166499,-0.435254,
+0.151911,-0.816102,-0.128863,-0.453003,
+0.119583,-0.932384,-0.045654,-0.537829,
+0.157841,-0.874297,-0.147518,-0.480788,
+0.196885,-0.869533,+0.039788,-0.416435,
+0.206021,-0.875450,-0.017058,-0.383162,
+0.214842,-0.861439,-0.023291,-0.356676,
+0.213315,-0.840868,-0.007534,-0.431698,
+0.168262,-0.874165,-0.081605,-0.477556,
+0.268354,-0.851733,-0.027371,-0.410104,
+0.242339,-0.947118,-0.084389,-0.407292,
+0.200873,-0.921110,-0.131571,-0.425252,
+0.228043,-0.896977,-0.002931,-0.463863,
+0.208442,-0.854476,-0.070678,-0.395863,
+0.355875,-0.789860,-0.200194,-0.414579,
+0.235207,-0.911996,-0.023797,-0.425018,
+0.187779,-0.916176,-0.014503,-0.345651,
+0.267584,-0.808174,-0.067126,-0.385972,
+0.360151,-0.916825,-0.034848,-0.390726,
+0.247249,-0.869325,-0.047562,-0.416659,
+0.250284,-0.809053,-0.084480,-0.360276,
+0.337213,-0.785170,-0.037034,-0.495774,
+0.308626,-0.778136,+0.025690,-0.303921,
+0.315202,-0.887230,+0.062698,-0.383526,
+0.353023,-0.872361,+0.097813,-0.381426,
+0.352581,-0.866292,+0.048765,-0.492350,
+0.364463,-0.844499,-0.044751,-0.372976,
+0.360371,-0.916839,-0.019403,-0.322516,
+0.301088,-0.828051,+0.029967,-0.431944,
+0.427733,-0.810194,+0.064083,-0.369622,
+0.413508,-0.779231,-0.169805,-0.341015,
+0.376223,-0.826595,+0.153066,-0.422482,
+0.353578,-0.784661,+0.179451,-0.345180,
+0.361192,-0.862364,+0.040561,-0.304048,
+0.467874,-0.890855,+0.017556,-0.302298,
+0.446053,-0.899437,+0.079714,-0.398473,
+0.360321,-0.800582,-0.017852,-0.433689,
+0.445301,-0.859541,+0.052239,-0.397734,
+0.429216,-0.801012,+0.025568,-0.385512,
+0.439949,-0.810879,+0.111142,-0.352837,
+0.452461,-0.818697,+0.147076,-0.350496,
+0.436734,-0.873891,-0.037344,-0.304867,
+0.418156,-0.860637,+0.136868,-0.338132,
+0.437657,-0.780402,+0.140474,-0.333767,
+0.506794,-0.710129,+0.051675,-0.334223,
+0.479212,-0.779597,+0.014293,-0.323868,
+0.468202,-0.807862,+0.126932,-0.359716,
+0.507573,-0.797739,+0.021110,-0.333710,
+0.510728,-0.810968,+0.047680,-0.408694,
+0.397675,-0.812999,+0.076948,-0.283900,
+0.492600,-0.832654,+0.039168,-0.279929,
+0.486498,-0.786677,+0.109844,-0.330575,
+0.430522,-0.931487,+0.065439,-0.324663,
+0.468992,-0.775864,+0.115971,-0.265525,
+0.529619,-0.753167,+0.259706,-0.313637,
+0.614401,-0.806806,+0.062260,-0.332168,
+0.549709,-0.809342,+0.160717,-0.285349,
+0.469601,-0.796772,+0.207199,-0.316252,
+0.504055,-0.666855,+0.111092,-0.284828,
+0.668771,-0.788975,+0.128168,-0.293053,
+0.588308,-0.757600,+0.214320,-0.315151,
+0.497748,-0.746415,+0.149514,-0.292242,
+0.601685,-0.916317,+0.169912,-0.326830,
+0.542668,-0.755756,+0.244310,-0.221313,
+0.450113,-0.753176,+0.163049,-0.277112,
+0.607952,-0.712295,+0.167060,-0.183536,
+0.575879,-0.767298,+0.084506,-0.335805,
+0.626664,-0.735310,+0.159002,-0.317899,
+0.636403,-0.765658,+0.229326,-0.286216,
+0.601866,-0.688162,+0.170150,-0.357043,
+0.614464,-0.814031,+0.317464,-0.208958,
+0.590774,-0.732173,+0.147113,-0.267231,
+0.643889,-0.695541,+0.287450,-0.212208,
+0.555696,-0.765485,+0.211404,-0.220133,
+0.657087,-0.669383,+0.254462,-0.267366,
+0.590000,-0.788845,+0.153344,-0.173400,
+0.519949,-0.714647,+0.123102,-0.264372,
+0.698815,-0.612669,+0.300480,-0.218413,
+0.620737,-0.665390,+0.246538,-0.267265,
+0.641622,-0.772012,+0.181532,-0.255859,
+0.647978,-0.670390,+0.178210,-0.140205,
+0.605262,-0.654663,+0.222665,-0.191625,
+0.577213,-0.677035,+0.267181,-0.185877,
+0.602667,-0.762365,+0.285230,-0.213046,
+0.684052,-0.633963,+0.201872,-0.290826,
+0.693736,-0.701266,+0.168368,-0.195125,
+0.746714,-0.615686,+0.301065,-0.139608,
+0.743487,-0.577886,+0.179041,-0.219846,
+0.749601,-0.688251,+0.306596,-0.166372,
+0.783906,-0.596443,+0.234190,-0.121804,
+0.749677,-0.627134,+0.201620,-0.127764,
+0.765559,-0.553924,+0.310380,-0.153069,
+0.750106,-0.624639,+0.271830,-0.230051,
+0.723925,-0.555863,+0.231319,-0.155443,
+0.768436,-0.606013,+0.237037,-0.251451,
+0.780983,-0.554120,+0.197902,-0.008349,
+0.806628,-0.565704,+0.324034,-0.185581,
+0.738061,-0.581667,+0.209329,-0.095678,
+0.676941,-0.617901,+0.322142,-0.076553,
+0.739290,-0.573792,+0.276622,-0.066797,
+0.782726,-0.611840,+0.257573,-0.046887,
+0.852033,-0.526989,+0.330014,-0.059420,
+0.731161,-0.616864,+0.288472,-0.115803,
+0.706755,-0.578808,+0.300596,-0.025672,
+0.709893,-0.611458,+0.336824,-0.139584,
+0.824666,-0.524139,+0.332355,-0.016167,
+0.755771,-0.582101,+0.183740,-0.128111,
+0.781303,-0.434070,+0.359590,-0.055864,
+0.711840,-0.607698,+0.315095,-0.163080,
+0.774395,-0.674561,+0.344875,-0.115232,
+0.862505,-0.496681,+0.307417,-0.098476,
+0.851786,-0.532954,+0.269959,-0.158945,
+0.853392,-0.451530,+0.242036,-0.153301,
+0.741402,-0.459155,+0.341656,-0.116894,
+0.776097,-0.369987,+0.330091,-0.022261,
+0.801702,-0.442571,+0.319884,-0.053076,
+0.790139,-0.571283,+0.313833,-0.088352,
+0.834030,-0.531500,+0.378500,-0.029028,
+0.879342,-0.563552,+0.302983,-0.109296,
+0.758193,-0.430110,+0.287779,-0.032031,
+0.783401,-0.546389,+0.385975,-0.060829,
+0.782202,-0.407851,+0.406700,-0.024218,
+0.761690,-0.424087,+0.358714,-0.069407,
+0.769441,-0.419909,+0.421134,-0.016925,
+0.808532,-0.353370,+0.426318,-0.026781,
+0.796868,-0.474808,+0.361496,+0.025498,
+0.849468,-0.502366,+0.355757,-0.071410,
+0.881505,-0.422749,+0.376015,-0.067827,
+0.824176,-0.374072,+0.395471,+0.017249,
+0.770106,-0.415840,+0.350735,-0.085508,
+0.818199,-0.314404,+0.420804,-0.032604,
+0.851004,-0.410951,+0.369626,-0.023919,
+0.873347,-0.341210,+0.340525,+0.027733,
+0.830893,-0.394291,+0.298290,-0.008098,
+0.867326,-0.331860,+0.379588,+0.066335,
+0.825814,-0.301048,+0.337761,+0.030549,
+0.896141,-0.307548,+0.338633,+0.045057,
+0.957348,-0.388758,+0.288499,+0.040437,
+0.788570,-0.354047,+0.476559,+0.082498,
+0.797183,-0.250152,+0.395485,+0.055412,
+0.830451,-0.241809,+0.378480,-0.015554,
+0.735638,-0.394072,+0.403321,+0.046674,
+0.894213,-0.379660,+0.346062,+0.006586,
+0.781608,-0.347936,+0.419315,+0.028916,
+0.952383,-0.325247,+0.388768,+0.107489,
+0.884147,-0.297496,+0.396264,+0.053186,
+0.891614,-0.242927,+0.375994,+0.079408,
+0.884266,-0.201259,+0.374635,+0.001126,
+0.862816,-0.348957,+0.368365,+0.000853,
+0.735609,-0.222122,+0.428703,+0.083042,
+0.923808,-0.248099,+0.503206,+0.135678,
+0.784155,-0.264873,+0.339698,+0.162303,
+0.835128,-0.085314,+0.398328,+0.026077,
+0.929171,-0.199176,+0.512962,+0.111855,
+0.869769,-0.126112,+0.425714,+0.045592,
+0.913367,-0.115031,+0.466288,+0.210716,
+0.780941,-0.183769,+0.424050,+0.057221,
+0.776879,-0.289658,+0.394978,+0.095519,
+0.782772,-0.095605,+0.348691,+0.143069,
+0.808631,-0.100928,+0.378378,+0.179512,
+0.826027,-0.171470,+0.392726,+0.179462,
+0.853766,-0.170618,+0.442783,+0.152469,
+0.863666,-0.163015,+0.447259,+0.146358,
+0.963336,-0.170626,+0.395147,+0.064949,
+0.957339,-0.210362,+0.445593,+0.177635,
+0.921592,-0.166483,+0.318727,+0.107663,
+0.871733,-0.139424,+0.423558,+0.183028,
+0.838031,-0.056381,+0.460175,+0.261571,
+0.962905,-0.075494,+0.461754,+0.143008,
+0.882397,-0.067790,+0.407389,+0.148364,
+0.887491,-0.156017,+0.490270,+0.208049,
+0.837014,-0.118267,+0.457372,+0.086804,
+0.903294,-0.136454,+0.438803,+0.145208,
+0.905207,-0.051009,+0.330423,+0.151877,
+0.835212,-0.083403,+0.551458,+0.224075,
+0.892669,-0.090163,+0.405884,+0.171070,
+0.833735,-0.070074,+0.493572,+0.105780,
+0.899058,+0.053116,+0.498626,+0.251399,
+0.883034,-0.042793,+0.386425,+0.219473,
+0.844295,-0.044204,+0.438662,+0.156767,
+0.930682,+0.017928,+0.482053,+0.221816,
+0.921815,-0.057703,+0.411695,+0.218217,
+0.843385,-0.065654,+0.397924,+0.221296,
+0.967559,-0.015930,+0.458078,+0.244290,
+0.876564,-0.033514,+0.374607,+0.185354,
+0.844404,+0.006326,+0.454216,+0.318630,
+0.839326,+0.060649,+0.406547,+0.232603,
+0.888324,+0.095185,+0.376761,+0.190398,
+0.971985,-0.032245,+0.346960,+0.220214,
+0.778652,+0.180040,+0.401801,+0.190006,
+0.819527,+0.041360,+0.430700,+0.212390,
+0.854298,+0.048539,+0.351443,+0.139237,
+0.815611,+0.065484,+0.442281,+0.214147,
+0.881208,+0.074338,+0.428656,+0.306796,
+0.920069,+0.152405,+0.415037,+0.238976,
+0.846288,+0.130340,+0.473153,+0.259514,
+0.866350,+0.059504,+0.455694,+0.281098,
+0.838098,+0.087982,+0.501308,+0.311545,
+0.885342,+0.095321,+0.293706,+0.290871,
+0.866223,+0.130607,+0.417333,+0.156351,
+0.903408,+0.017062,+0.394757,+0.278337,
+0.915597,+0.130365,+0.398772,+0.264869,
+0.817727,+0.155881,+0.415919,+0.231044,
+0.920533,+0.031161,+0.434278,+0.384959,
+0.806707,+0.085140,+0.397178,+0.340782,
+0.892537,+0.181576,+0.371186,+0.279746,
+0.828078,+0.146977,+0.367110,+0.342227,
+0.868810,+0.162922,+0.410457,+0.283388,
+0.821058,+0.188093,+0.411112,+0.319164,
+0.834828,+0.262677,+0.450106,+0.276170,
+0.794691,+0.164728,+0.338719,+0.284406,
+0.693615,+0.233883,+0.355747,+0.322670,
+0.767866,+0.239197,+0.402630,+0.287697,
+0.730110,+0.246973,+0.420303,+0.306742,
+0.810442,+0.325739,+0.355037,+0.326312,
+0.831872,+0.185928,+0.362097,+0.316744,
+0.814560,+0.220707,+0.402661,+0.264124,
+0.790928,+0.297821,+0.476008,+0.286472,
+0.829676,+0.400276,+0.337377,+0.339634,
+0.861856,+0.306677,+0.355185,+0.317908,
+0.897641,+0.245900,+0.448020,+0.343432,
+0.806981,+0.262301,+0.349329,+0.438003,
+0.802549,+0.352898,+0.394228,+0.376499,
+0.814235,+0.355253,+0.379987,+0.242820,
+0.761519,+0.398180,+0.284922,+0.376967,
+0.758783,+0.416399,+0.407564,+0.365950,
+0.715912,+0.398876,+0.334409,+0.433995,
+0.805077,+0.366848,+0.399087,+0.330512,
+0.824360,+0.373705,+0.374273,+0.345922,
+0.757696,+0.475454,+0.412954,+0.418076,
+0.721281,+0.370282,+0.363439,+0.381717,
+0.802421,+0.324209,+0.382804,+0.386844,
+0.694093,+0.294243,+0.369308,+0.373635,
+0.790908,+0.351834,+0.415873,+0.337408,
+0.780086,+0.365644,+0.333531,+0.404610,
+0.732532,+0.300279,+0.298572,+0.364096,
+0.796436,+0.298201,+0.427678,+0.372586,
+0.753239,+0.275116,+0.360754,+0.388062,
+0.765990,+0.418466,+0.345091,+0.447544,
+0.756809,+0.323978,+0.412049,+0.418561,
+0.606368,+0.528200,+0.399452,+0.348860,
+0.766672,+0.557059,+0.290308,+0.494194,
+0.711940,+0.481429,+0.477770,+0.470604,
+0.678755,+0.400387,+0.398509,+0.423507,
+0.725357,+0.491813,+0.404535,+0.419507,
+0.773523,+0.494976,+0.404967,+0.368965,
+0.730067,+0.468101,+0.275234,+0.344461,
+0.700779,+0.413032,+0.350775,+0.376564,
+0.663783,+0.520248,+0.221505,+0.406222,
+0.649494,+0.525085,+0.306945,+0.407326,
+0.611647,+0.506820,+0.302941,+0.406867,
+0.680916,+0.470310,+0.340339,+0.460326,
+0.618809,+0.574196,+0.271046,+0.385649,
+0.661869,+0.443576,+0.311228,+0.377318,
+0.694838,+0.570547,+0.315245,+0.472463,
+0.673514,+0.547565,+0.296315,+0.378087,
+0.618367,+0.526457,+0.272947,+0.389672,
+0.699766,+0.559757,+0.345114,+0.368010,
+0.726672,+0.488854,+0.440697,+0.298790,
+0.646217,+0.627363,+0.400837,+0.496742,
+0.678668,+0.657266,+0.350976,+0.477846,
+0.651019,+0.584342,+0.296978,+0.345607,
+0.686167,+0.605158,+0.321850,+0.513704,
+0.585522,+0.552955,+0.279964,+0.390588,
+0.515362,+0.537127,+0.363501,+0.536356,
+0.645511,+0.639171,+0.252715,+0.506313,
+0.532919,+0.602085,+0.311994,+0.383674,
+0.554482,+0.590832,+0.292953,+0.470012,
+0.529072,+0.685281,+0.300655,+0.489583,
+0.601840,+0.552443,+0.292061,+0.387617,
+0.491921,+0.741328,+0.254297,+0.445850,
+0.571530,+0.497492,+0.307359,+0.346992,
+0.560640,+0.668914,+0.298040,+0.425273,
+0.686357,+0.666502,+0.208034,+0.401947,
+0.622464,+0.573097,+0.376230,+0.387044,
+0.508869,+0.658288,+0.275783,+0.424232,
+0.611636,+0.611634,+0.317191,+0.482829,
+0.537105,+0.671227,+0.266411,+0.335318,
+0.592984,+0.712337,+0.229000,+0.367606,
+0.509706,+0.728375,+0.275421,+0.485280,
+0.525909,+0.658582,+0.259412,+0.350258,
+0.522067,+0.773161,+0.216333,+0.447437,
+0.532675,+0.716805,+0.323516,+0.422014,
+0.525640,+0.845971,+0.255138,+0.441701,
+0.490690,+0.726171,+0.209043,+0.331767,
+0.491693,+0.714717,+0.255785,+0.468922,
+0.464469,+0.752491,+0.219797,+0.377436,
+0.402835,+0.791097,+0.286378,+0.449238,
+0.439737,+0.653918,+0.237642,+0.427914,
+0.449981,+0.771409,+0.299972,+0.410747,
+0.471070,+0.815110,+0.275564,+0.428659,
+0.471274,+0.743769,+0.236661,+0.398889,
+0.532156,+0.764104,+0.268875,+0.453175,
+0.473572,+0.705648,+0.118180,+0.383641,
+0.534970,+0.729546,+0.207141,+0.368249,
+0.367148,+0.849749,+0.230434,+0.457250,
+0.500010,+0.778351,+0.150745,+0.490696,
+0.428769,+0.768597,+0.322575,+0.474299,
+0.428702,+0.789144,+0.167981,+0.402453,
+0.466276,+0.799714,+0.272372,+0.407268,
+0.425884,+0.694989,+0.280312,+0.475824,
+0.316806,+0.772997,+0.252310,+0.469924,
+0.370739,+0.886351,+0.268032,+0.404284,
+0.418655,+0.737795,+0.158699,+0.391729,
+0.399511,+0.865858,+0.139075,+0.434854,
+0.328034,+0.817614,+0.191587,+0.362212,
+0.301542,+0.802157,+0.213713,+0.433520,
+0.299695,+0.832280,+0.141222,+0.379419,
+0.349350,+0.758836,+0.140908,+0.383451,
+0.295360,+0.931668,+0.192326,+0.386303,
+0.279273,+0.852219,+0.178072,+0.490936,
+0.360731,+0.847334,+0.178108,+0.331121,
+0.178207,+0.825525,+0.102938,+0.425639,
+0.263652,+0.880734,+0.078416,+0.412146,
+0.273852,+0.888565,+0.230457,+0.357723,
+0.295311,+0.875835,+0.188835,+0.396450,
+0.280095,+0.884764,+0.163134,+0.419884,
+0.295753,+0.832572,+0.189905,+0.409686,
+0.163923,+0.913293,+0.161308,+0.402738,
+0.214614,+0.812930,+0.148667,+0.423525,
+0.275094,+0.965787,+0.168291,+0.405994,
+0.268790,+0.845781,+0.172595,+0.349721,
+0.252231,+0.917866,+0.094151,+0.418445,
+0.149675,+0.893899,+0.155866,+0.456058,
+0.251630,+0.797602,+0.130062,+0.318558,
+0.228896,+0.961446,+0.185026,+0.523365,
+0.128115,+0.827197,+0.084543,+0.406609,
+0.169465,+0.907309,+0.146806,+0.495059,
+0.158199,+0.891818,+0.152648,+0.353839,
+0.236122,+0.980873,+0.124626,+0.465141,
+0.165047,+0.981144,+0.127995,+0.384436,
+0.118447,+0.953192,+0.010446,+0.373359,
+0.176789,+0.810599,+0.096745,+0.374165,
+0.148340,+0.863347,+0.093967,+0.342417,
+0.119306,+0.913589,+0.171396,+0.424600,
+0.067209,+0.884094,+0.079576,+0.404874,
+0.190984,+0.917850,+0.090960,+0.353229,
+0.090290,+0.937134,+0.079215,+0.304510,
+0.105577,+0.849501,+0.094739,+0.422420,
+0.138506,+0.870608,+0.106156,+0.416346,
+0.098473,+0.900678,+0.118571,+0.290122,
+0.088777,+0.894952,+0.105793,+0.327361,
+0.092706,+0.902189,+0.028491,+0.334665,
+0.142308,+0.885027,+0.127753,+0.295420,
-0.001812,+0.891548,+0.087603,+0.317064,
+0.042956,+1.014268,+0.059696,+0.371258,
+0.048611,+1.027616,-0.002475,+0.345245,
+0.194349,+0.956390,+0.137290,+0.353395,
+0.005435,+0.920615,+0.100972,+0.311198,
+0.087070,+0.921638,+0.057982,+0.276644,
+0.011024,+0.814682,+0.147507,+0.363725,
+0.077077,+0.941922,+0.026799,+0.333679,
-0.010682,+0.916119,+0.142114,+0.329571,
+0.002558,+0.916683,+0.030157,+0.315047,
-0.054515,+0.833788,+0.139468,+0.359151,
-0.068371,+0.972727,+0.071702,+0.284271,
-0.025735,+0.934431,-0.041757,+0.281615,
+0.049838,+0.938792,+0.047479,+0.358606,
+0.000745,+0.968179,+0.050331,+0.301358,
-0.134996,+0.853516,+0.070378,+0.299059,
-0.110953,+1.004603,+0.002489,+0.274187,
+0.003350,+0.998220,-0.053076,+0.354741,
+0.001841,+1.038812,-0.047461,+0.297071,
+0.042785,+0.900027,+0.025443,+0.250392,
-0.033711,+0.995803,-0.024839,+0.223379,
-0.090350,+0.878502,-0.045135,+0.226808,
-0.129001,+1.003399,+0.003404,+0.282598,
-0.037039,+0.947296,-0.016411,+0.301300,
-0.102414,+0.911893,-0.017097,+0.283888,
-0.108387,+0.898146,+0.032383,+0.256955,
-0.105766,+0.877829,-0.009777,+0.276813,
-0.146666,+1.023301,-0.079327,+0.261908,
-0.173573,+1.007740,+0.002083,+0.341855,
-0.130654,+0.801638,+0.042800,+0.202595,
-0.205658,+0.981903,-0.082052,+0.260178,
-0.133818,+0.990337,-0.001420,+0.193975,
-0.157413,+1.036809,-0.059461,+0.263404,
-0.133929,+0.941022,-0.081202,+0.250611,
-0.239824,+0.955342,+0.007012,+0.205191,
-0.247010,+0.937532,-0.077025,+0.188127,
-0.246571,+0.956611,-0.057823,+0.214992,
-0.117336,+0.968719,+0.034731,+0.256099,
-0.267123,+0.937844,-0.001903,+0.242794,
-0.184646,+0.896112,-0.022050,+0.242944,
-0.223322,+0.987641,-0.035882,+0.236461,
-0.330582,+0.944729,-0.114794,+0.157398,
-0.258555,+0.944234,-0.077909,+0.184711,
-0.279464,+0.937623,-0.094127,+0.135145,
-0.225925,+0.944711,-0.012743,+0.242976,
-0.285335,+0.894638,-0.032137,+0.234574,
-0.300463,+0.988095,-0.064168,+0.193366,
-0.285776,+0.944505,-0.097167,+0.175385,
-0.253098,+0.922552,-0.128265,+0.240693,
-0.324544,+0.908698,-0.049227,+0.173258,
-0.292606,+0.947334,+0.010040,+0.187465,
-0.261509,+0.985756,-0.098898,+0.279735,
-0.306635,+1.013339,-0.015349,+0.136498,
-0.296827,+0.885807,+0.002930,+0.204858,
-0.263698,+0.822944,-0.061867,+0.191815,
-0.344189,+0.822937,-0.086659,+0.163537,
-0.299148,+1.021840,+0.025083,+0.136093,
-0.376533,+1.011679,-0.003599,+0.184502,
-0.382941,+0.865025,-0.135865,+0.161609,
-0.403879,+0.895780,-0.133530,+0.174156,
-0.441502,+0.940406,-0.119110,+0.066599,
-0.365470,+0.941506,-0.098993,+0.145220,
-0.427454,+0.980808,-0.055223,+0.152721,
-0.419847,+0.831469,-0.094435,+0.025695,
-0.370641,+0.858811,-0.129362,+0.146939,
-0.455504,+0.863097,-0.077147,+0.123257,
-0.491850,+0.916003,-0.172505,+0.030551,
-0.424522,+0.942551,-0.103485,+0.182015,
-0.559968,+0.871672,-0.048499,+0.099735,
-0.424629,+0.960973,-0.120616,+0.146377,
-0.449077,+0.956647,-0.097216,+0.137708,
-0.501846,+0.904208,-0.103748,+0.024091,
-0.343478,+0.878513,-0.033221,+0.058060,
-0.459416,+0.813775,-0.049725,+0.095627,
-0.459539,+0.870726,-0.029880,+0.155501,
-0.485090,+0.860994,-0.062657,-0.012940,
-0.522643,+0.902989,-0.054909,+0.046954,
-0.616828,+0.767972,-0.059473,+0.038894,
-0.497024,+0.865988,-0.112186,+0.007794,
-0.536514,+0.843038,+0.001408,+0.023613,
-0.423864,+0.858327,-0.009252,-0.002564,
-0.551653,+0.840506,-0.145566,+0.136750,
-0.588556,+0.822605,-0.186836,-0.004305,
-0.530616,+0.749867,-0.163561,+0.025279,
-0.580295,+0.780036,-0.103917,+0.004896,
-0.539321,+0.796159,-0.076800,+0.115256,
-0.430569,+0.768791,-0.127160,+0.045216,
-0.529849,+0.744154,-0.116728,+0.095878,
-0.652357,+0.807090,-0.101842,+0.027898,
-0.592517,+0.705459,-0.143130,+0.080796,
-0.538965,+0.681122,-0.148797,+0.193575,
};,
